kitchen:
  x: 6.568593
  y: -1.788789
  yaw: 0.0

living room:
  x: 0.783383
  y: -0.379899
  yaw: 0.0

bedroom:
  x: -4.409525
  y: -0.182006
  yaw: 0.0

gym:
  x: 2.0
  y: 4.0
  yaw: 0.0